Zipcode,5-9,10-14, 15-19,WRRF Name,Total Population,Total WRRF Population
10001,1012.0,829.0,879.0,North River,2720.0,72242.0
10002,3061.0,3337.0,2555.0,Newtown Creek,8953.0,188137.0
10003,924.0,865.0,7320.0,Newtown Creek,9109.0,188137.0
10004,147.0,176.0,119.0,Newtown Creek,442.0,188137.0
10005,235.0,198.0,81.0,Newtown Creek,514.0,188137.0
10006,133.0,90.0,415.0,Newtown Creek,638.0,188137.0
10007,448.0,242.0,216.0,Newtown Creek,906.0,188137.0
10009,1242.0,2235.0,2235.0,Newtown Creek,5712.0,188137.0
10010,1631.0,784.0,1965.0,Newtown Creek,4380.0,188137.0
10011,1153.0,1218.0,2243.0,North River,4614.0,72242.0
10012,199.0,506.0,637.0,Newtown Creek,1342.0,188137.0
10013,1193.0,1340.0,1031.0,Newtown Creek,3564.0,188137.0
10014,456.0,649.0,534.0,North River,1639.0,72242.0
10016,1379.0,1379.0,1105.0,Newtown Creek,3863.0,188137.0
10017,226.0,310.0,93.0,Newtown Creek,629.0,188137.0
10018,141.0,120.0,256.0,North River,517.0,72242.0
10019,898.0,509.0,870.0,North River,2277.0,72242.0
10021,1517.0,2024.0,1928.0,Wards Island,5469.0,240219.0
10022,746.0,1028.0,686.0,Newtown Creek,2460.0,188137.0
10023,3036.0,1908.0,2715.0,North River,7659.0,72242.0
10024,3096.0,3367.0,1674.0,North River,8137.0,72242.0
10025,3991.0,3633.0,4692.0,North River,12316.0,72242.0
10026,2079.0,2115.0,1699.0,North River,5893.0,72242.0
10027,3182.0,3125.0,3125.0,North River,9432.0,72242.0
10028,2327.0,1747.0,1083.0,Wards Island,5157.0,240219.0
10029,3922.0,3588.0,4762.0,Wards Island,12272.0,240219.0
10030,1593.0,1768.0,1006.0,Wards Island,4367.0,240219.0
10031,2910.0,2767.0,2626.0,North River,8303.0,72242.0
10032,2103.0,1938.0,2679.0,Wards Island,6720.0,240219.0
10033,2604.0,2913.0,2415.0,Wards Island,7932.0,240219.0
10034,1841.0,2409.0,1802.0,North River,6052.0,72242.0
10035,2132.0,1929.0,1890.0,Wards Island,5951.0,240219.0
10036,498.0,658.0,549.0,North River,1705.0,72242.0
10037,994.0,1065.0,473.0,Wards Island,2532.0,240219.0
10038,538.0,1356.0,1455.0,Newtown Creek,3349.0,188137.0
10039,1667.0,1714.0,1768.0,Wards Island,5149.0,240219.0
10040,1667.0,1714.0,1768.0,Wards Island,5149.0,240219.0
10044,472.0,402.0,274.0,Bowery Bay,1148.0,122994.0
10065,1270.0,1072.0,674.0,Wards Island,3016.0,240219.0
10069,261.0,635.0,82.0,North River,978.0,72242.0
10075,872.0,616.0,1095.0,Wards Island,2583.0,240219.0
10128,1936.0,1928.0,2281.0,Wards Island,6145.0,240219.0
10280,286.0,218.0,256.0,Newtown Creek,760.0,188137.0
10282,574.0,535.0,269.0,Newtown Creek,1378.0,188137.0
10301,1881.0,2020.0,2442.0,Port Richmond,6343.0,46435.0
10302,1170.0,1295.0,1180.0,Port Richmond,3645.0,46435.0
10303,1861.0,2502.0,2148.0,Port Richmond,6511.0,46435.0
10304,2628.0,2928.0,2913.0,Port Richmond,8469.0,46435.0
10305,2771.0,2439.0,2606.0,Oakwood Beach,7816.0,44374.0
10306,2546.0,3011.0,4018.0,Oakwood Beach,9575.0,44374.0
10307,704.0,1000.0,1324.0,Oakwood Beach,3028.0,44374.0
10308,1320.0,1904.0,1884.0,Oakwood Beach,5108.0,44374.0
10309,2029.0,2626.0,2028.0,Oakwood Beach,6683.0,44374.0
10310,1550.0,1585.0,1751.0,Port Richmond,4886.0,46435.0
10312,4021.0,4490.0,3653.0,Oakwood Beach,12164.0,44374.0
10314,4863.0,5591.0,6127.0,Port Richmond,16581.0,46435.0
10451,3499.0,3227.0,3379.0,Wards Island,10105.0,240219.0
10452,6280.0,7099.0,6229.0,Wards Island,19608.0,240219.0
10453,6325.0,6011.0,5621.0,Wards Island,17957.0,240219.0
10454,3142.0,3452.0,2323.0,Wards Island,8917.0,240219.0
10455,3728.0,3524.0,3564.0,Wards Island,10816.0,240219.0
10456,6352.0,7408.0,6949.0,Wards Island,20709.0,240219.0
10457,6498.0,7157.0,5060.0,Wards Island,18715.0,240219.0
10458,6766.0,6246.0,7831.0,Wards Island,20843.0,240219.0
10459,3588.0,3934.0,3987.0,Hunts Point,11509.0,151282.0
10460,4037.0,4581.0,4262.0,Hunts Point,12880.0,151282.0
10462,4928.0,5306.0,4147.0,Hunts Point,14381.0,151282.0
10463,4435.0,4238.0,4593.0,Wards Island,13266.0,240219.0
10463,4435.0,4238.0,4593.0,Hunts Point,13266.0,151282.0
10464,400.0,127.0,87.0,Hunts Point,614.0,151282.0
10465,2061.0,2989.0,3558.0,Hunts Point,8608.0,151282.0
10466,3980.0,5479.0,5243.0,Hunts Point,14702.0,151282.0
10467,7567.0,7573.0,6254.0,Hunts Point,21394.0,151282.0
10468,7336.0,5392.0,5943.0,Wards Island,18671.0,240219.0
10469,3478.0,5115.0,5243.0,Hunts Point,13836.0,151282.0
10470,560.0,478.0,650.0,Hunts Point,1688.0,151282.0
10471,783.0,1225.0,2067.0,Wards Island,4075.0,240219.0
10472,4879.0,4833.0,4569.0,Hunts Point,14281.0,151282.0
10473,3626.0,4003.0,3978.0,Hunts Point,11607.0,151282.0
10474,1178.0,863.0,695.0,Hunts Point,2736.0,151282.0
10475,2242.0,1682.0,1761.0,Hunts Point,5685.0,151282.0
11004,726.0,923.0,709.0,Tallman Island,2358.0,74748.0
11005,0.0,0.0,0.0,Tallman Island,0.0,74748.0
11101,1556.0,1348.0,1145.0,Bowery Bay,4049.0,122994.0
11102,881.0,858.0,1114.0,Bowery Bay,2853.0,122994.0
11103,1104.0,1120.0,1344.0,Bowery Bay,3568.0,122994.0
11104,1216.0,1182.0,1064.0,Bowery Bay,3462.0,122994.0
11105,1561.0,1382.0,1081.0,Bowery Bay,4024.0,122994.0
11106,1540.0,1795.0,1289.0,Bowery Bay,4624.0,122994.0
11201,3384.0,2828.0,2768.0,Red Hook,8980.0,33636.0
11203,4055.0,4418.0,4278.0,26th Ward,12751.0,72091.0
11204,6533.0,6766.0,5140.0,Owls Head,18439.0,135396.0
11205,4237.0,3899.0,4245.0,Newtown Creek,12381.0,188137.0
11206,6649.0,7546.0,6397.0,Newtown Creek,20592.0,188137.0
11207,7007.0,6579.0,5343.0,26th Ward,18929.0,72091.0
11208,7943.0,8362.0,7298.0,26th Ward,23603.0,72091.0
11209,4002.0,3580.0,3766.0,Owls Head,11348.0,135396.0
11210,4456.0,4759.0,4378.0,Coney Island,13593.0,117865.0
11211,3450.0,3293.0,2942.0,Newtown Creek,9685.0,188137.0
11212,4450.0,5399.0,4026.0,26th Ward,13875.0,72091.0
11213,3854.0,4635.0,4126.0,Newtown Creek,12615.0,188137.0
11214,5365.0,5862.0,5095.0,Owls Head,16322.0,135396.0
11215,4287.0,4303.0,2594.0,Red Hook,11184.0,33636.0
11216,2618.0,2179.0,1643.0,Newtown Creek,6440.0,188137.0
11217,1610.0,1675.0,1284.0,Red Hook,4569.0,33636.0
11218,5628.0,6174.0,4630.0,Owls Head,16432.0,135396.0
11219,9883.0,8960.0,7157.0,Owls Head,26000.0,135396.0
11220,7334.0,6422.0,4993.0,Owls Head,18749.0,135396.0
11221,4655.0,4832.0,4242.0,Newtown Creek,13729.0,188137.0
11222,1504.0,880.0,727.0,Newtown Creek,3111.0,188137.0
11223,6293.0,5009.0,5175.0,Owls Head,16477.0,135396.0
11224,2515.0,2925.0,2752.0,Coney Island,8192.0,117865.0
11225,2733.0,3248.0,2834.0,Newtown Creek,8815.0,188137.0
11226,5160.0,5254.0,5353.0,Coney Island,15767.0,117865.0
11228,2264.0,2269.0,2343.0,Owls Head,6876.0,135396.0
11229,5474.0,5996.0,4660.0,Coney Island,16130.0,117865.0
11230,5236.0,5474.0,5996.0,Coney Island,16706.0,117865.0
11231,3750.0,2988.0,2165.0,Red Hook,8903.0,33636.0
11232,1875.0,1607.0,1271.0,Owls Head,4753.0,135396.0
11233,5591.0,4421.0,4516.0,Newtown Creek,14528.0,188137.0
11234,5468.0,5131.0,6702.0,Coney Island,17301.0,117865.0
11235,3757.0,4227.0,3530.0,Coney Island,11514.0,117865.0
11236,6381.0,6175.0,6106.0,Coney Island,18662.0,117865.0
11237,2016.0,2912.0,2490.0,Newtown Creek,7418.0,188137.0
11238,2200.0,2354.0,1287.0,Newtown Creek,5841.0,188137.0
11239,786.0,996.0,1151.0,26th Ward,2933.0,72091.0
11354,1923.0,2297.0,2049.0,Tallman Island,6269.0,74748.0
11355,3509.0,3311.0,2904.0,Tallman Island,9724.0,74748.0
11356,1499.0,1846.0,1864.0,Tallman Island,5209.0,74748.0
11357,2165.0,3188.0,2191.0,Tallman Island,7544.0,74748.0
11358,1839.0,2277.0,1705.0,Tallman Island,5821.0,74748.0
11359,0.0,0.0,0.0,Tallman Island,0.0,74748.0
11360,557.0,799.0,937.0,Tallman Island,2293.0,74748.0
11361,1436.0,1804.0,1089.0,Tallman Island,4329.0,74748.0
11362,984.0,725.0,766.0,Tallman Island,2475.0,74748.0
11363,450.0,354.0,313.0,Tallman Island,1117.0,74748.0
11364,2140.0,2441.0,2123.0,Tallman Island,6704.0,74748.0
11365,1964.0,2973.0,2734.0,Tallman Island,7671.0,74748.0
11366,613.0,788.0,622.0,Tallman Island,2023.0,74748.0
11367,2685.0,2269.0,2636.0,Tallman Island,7590.0,74748.0
11368,7795.0,8560.0,7570.0,Bowery Bay,23925.0,122994.0
11369,1329.0,2025.0,1823.0,Bowery Bay,5177.0,122994.0
11370,1171.0,1273.0,1651.0,Wards Island,4095.0,240219.0
11370,1171.0,1273.0,1651.0,Bowery Bay,4095.0,122994.0
11370,1171.0,1273.0,1651.0,Hunts Point,4095.0,151282.0
11371,0.0,0.0,0.0,Bowery Bay,0.0,122994.0
11372,3860.0,3552.0,2547.0,Bowery Bay,9959.0,122994.0
11373,5785.0,6709.0,5933.0,Bowery Bay,18427.0,122994.0
11374,2392.0,2006.0,1587.0,Bowery Bay,5985.0,122994.0
11375,4181.0,3446.0,2391.0,Bowery Bay,10018.0,122994.0
11377,3780.0,4188.0,3365.0,Bowery Bay,11333.0,122994.0
11378,2004.0,2819.0,2820.0,Bowery Bay,7643.0,122994.0
11379,2123.0,2777.0,1677.0,Newtown Creek,6577.0,188137.0
11385,5392.0,7136.0,5878.0,Newtown Creek,18406.0,188137.0
11411,725.0,1425.0,993.0,Jamaica Bay,3143.0,131881.0
11412,1912.0,2356.0,2519.0,Jamaica Bay,6787.0,131881.0
11413,2456.0,2972.0,2757.0,Jamaica Bay,8185.0,131881.0
11414,1669.0,1727.0,1190.0,Jamaica Bay,4586.0,131881.0
11415,1149.0,933.0,622.0,Bowery Bay,2704.0,122994.0
11416,1590.0,1691.0,1866.0,Jamaica Bay,5147.0,131881.0
11417,2217.0,2299.0,1883.0,Jamaica Bay,6399.0,131881.0
11418,2089.0,2417.0,2270.0,Jamaica Bay,6776.0,131881.0
11419,1985.0,2640.0,2689.0,Jamaica Bay,7314.0,131881.0
11420,2441.0,2655.0,3195.0,Jamaica Bay,8291.0,131881.0
11421,1985.0,2640.0,2689.0,Jamaica Bay,7314.0,131881.0
11422,1665.0,2202.0,2206.0,Jamaica Bay,6073.0,131881.0
11423,1576.0,1719.0,1677.0,Jamaica Bay,4972.0,131881.0
11426,1009.0,1173.0,860.0,Jamaica Bay,3042.0,131881.0
11427,1114.0,1370.0,1137.0,Tallman Island,3621.0,74748.0
11428,965.0,1130.0,1075.0,Jamaica Bay,3170.0,131881.0
11429,1196.0,1342.0,1812.0,Jamaica Bay,4350.0,131881.0
11430,0.0,14.0,0.0,Jamaica Bay,14.0,131881.0
11432,3631.0,3917.0,3473.0,Jamaica Bay,11021.0,131881.0
11433,2421.0,3194.0,3007.0,Jamaica Bay,8622.0,131881.0
11434,4296.0,4277.0,4151.0,Jamaica Bay,12724.0,131881.0
11435,3738.0,3212.0,2977.0,Jamaica Bay,9927.0,131881.0
11436,1405.0,1301.0,1318.0,Jamaica Bay,4024.0,131881.0
11691,6282.0,6359.0,4749.0,Rockaway,17390.0,29986.0
11692,1740.0,2367.0,1256.0,Rockaway,5363.0,29986.0
11693,992.0,883.0,935.0,Rockaway,2810.0,29986.0
11694,1177.0,1653.0,1035.0,Rockaway,3865.0,29986.0
11697,246.0,164.0,148.0,Rockaway,558.0,29986.0
